5473188537,5011972006
5473188537,7396149587
5473188537,6666023211
5473188537,7026302832
5473188537,5011972006
5473188537,7139708944
5473188537,6436821649
7026302832,6926081728
7026302832,6253839544
6253839544,6861391079
6253839544,7235047730
6253839544,7235047730
5473188537,7357360485
5473188537,7357360485
7357360485,5011972006
7357360485,5011972006
6253839544,7038071084
5473188537,7139708944
5473188537,6723861272
5473188537,6312553150
5473188537,6106341452
5473188537,6106341452
5473188537,6106341452
5473188537,6106341452
5473188537,5674159411
5473188537,6106341452
6106341452,5674159411
5473188537,6106341452
5473188537,6106341452
5473188537,5674159411
6106341452,6888132632
6106341452,6868254913
6106341452,1770866912
6106341452,7139708944
6253839544,7070435304
6253839544,6375250467
5473188537,6323838770
5473188537,5859982892
